R,x,y,z,name
128.551050522228110,151.222055576525975,151.207786341762272,151.005810829274225,vox_1.5_10_D0_S1.mat
128.550854732307073,151.196496373514549,151.208397705985647,150.999443014874771,vox_1.5_11_D0_S1.mat
128.551747872245926,151.216556844782048,151.210003403517533,151.004827106861740,vox_1.5_12_D0_S1.mat
128.551303633238319,151.206115385826735,151.217621642547215,151.003954471998469,vox_1.5_13_D0_S1.mat
128.550878900875233,151.213753950203227,151.212543453519714,150.997447885889841,vox_1.5_14_D0_S1.mat
128.551240346893451,151.211881793119829,151.215544836022104,151.005404269134175,vox_1.5_15_D0_S1.mat
128.551119861908546,151.200312208771635,151.204580758488504,150.999888302354833,vox_1.5_16_D0_S1.mat
128.551081152887662,151.220149459092880,151.214139290035632,151.003928289562140,vox_1.5_17_D0_S1.mat
128.550871024873487,151.206846985849808,151.195860839162094,151.004923379515731,vox_1.5_18_D0_S1.mat
128.551166888704699,151.221722798247526,151.208935633152834,150.993517144172586,vox_1.5_19_D0_S1.mat
128.550372326669731,151.221886201539348,151.212891042427117,150.996650732201203,vox_1.5_1_D0_S1.mat
128.550944492286874,151.211607542593015,151.212486127090045,150.998084877406995,vox_1.5_20_D0_S1.mat
128.551013884121204,151.223819316104255,151.204436298003344,151.001771966620993,vox_1.5_2_D0_S1.mat
128.551072162526054,151.211353665666365,151.211140294155882,151.002475529317877,vox_1.5_3_D0_S1.mat
128.550472999804384,151.201540599080545,151.215222386569764,151.001448232618827,vox_1.5_4_D0_S1.mat
128.551617806904289,151.211609682168529,151.206518641842450,151.001070996293009,vox_1.5_5_D0_S1.mat
128.551434481287714,151.213382233090471,151.200654055049199,151.004168670943898,vox_1.5_6_D0_S1.mat
128.551022317305780,151.199966724720554,151.208760379664170,150.999039062644528,vox_1.5_7_D0_S1.mat
128.551191123714403,151.206414235938979,151.203707210695200,150.998627531472721,vox_1.5_8_D0_S1.mat
128.551005926983379,151.208525417112355,151.210077002503454,151.006849733453038,vox_1.5_9_D0_S1.mat
128.508134644051040,151.228075925613012,151.203391129661725,151.010622250991105,vox_2.0556_10_D0_S1.mat
128.509645820725524,151.184170165462632,151.207186924396325,150.995622299597983,vox_2.0556_11_D0_S1.mat
128.508730013955869,151.219048387915961,151.209823043495959,151.008127195169664,vox_2.0556_12_D0_S1.mat
128.508999567971529,151.206111370749625,151.218076638968995,151.006974415401970,vox_2.0556_13_D0_S1.mat
128.508756013228606,151.213390099526038,151.218781420584577,150.995987408731906,vox_2.0556_14_D0_S1.mat
128.508597783063635,151.211812943797440,151.217365553744770,151.008242265184066,vox_2.0556_15_D0_S1.mat
128.508500287502130,151.188459345992811,151.198135409471121,150.997806840470759,vox_2.0556_16_D0_S1.mat
128.509396357710756,151.228439998546833,151.216714226989836,151.008526993649383,vox_2.0556_17_D0_S1.mat
128.509062112968479,151.203147667113086,151.183847370805751,151.007784181945141,vox_2.0556_18_D0_S1.mat
128.508785678022804,151.230051649423160,151.208325789147750,150.986290428951634,vox_2.0556_19_D0_S1.mat
128.508451065527566,151.229132137314139,151.215110667926211,150.993561856336271,vox_2.0556_1_D0_S1.mat
128.508731302462792,151.210873366707631,151.214627787520300,150.997674847994489,vox_2.0556_20_D0_S1.mat
128.509360750141127,151.235437415622528,151.195715879856124,151.003276279395664,vox_2.0556_2_D0_S1.mat
128.508940346179543,151.212523569235145,151.215598088661551,151.002598923092705,vox_2.0556_3_D0_S1.mat
128.508556231662226,151.195904357472244,151.214065294244222,151.001813283235720,vox_2.0556_4_D0_S1.mat
128.508403389045327,151.212148489556313,151.199440880374681,151.001816515164364,vox_2.0556_5_D0_S1.mat
128.508761537673337,151.216516227726572,151.193032212177684,151.007256289268355,vox_2.0556_6_D0_S1.mat
128.508506820845412,151.195564571503979,151.209847331562742,150.997770186342194,vox_2.0556_7_D0_S1.mat
128.508453636008966,151.202619948500399,151.196413601413468,150.996440767671174,vox_2.0556_8_D0_S1.mat
128.508520945318196,151.207961208437382,151.212445260140100,151.011800599255167,vox_2.0556_9_D0_S1.mat
128.512804329166698,151.222463199578669,151.202086630863391,151.012357956165346,vox_2_10_D0_S1.mat
128.512904281222660,151.187783441955020,151.210625423658314,151.004124341019036,vox_2_11_D0_S1.mat
128.513196284775887,151.210986927112998,151.208525594624120,151.000510267651038,vox_2_12_D0_S1.mat
128.512787016401802,151.212935262383013,151.215525789960537,151.011479584382528,vox_2_13_D0_S1.mat
128.512489830438369,151.221545345164060,151.208224261279327,151.007377517984224,vox_2_14_D0_S1.mat
128.512573131347807,151.215511791906977,151.201238615971988,151.007387176781151,vox_2_15_D0_S1.mat
128.513248072415450,151.189041048957904,151.202051530001285,150.992206191383389,vox_2_16_D0_S1.mat
128.512238654971100,151.232788640502775,151.206542532686314,151.011929470919313,vox_2_17_D0_S1.mat
128.512954864928901,151.187656049863676,151.200389149578143,151.007199668471912,vox_2_18_D0_S1.mat
128.512399194295313,151.226156079195732,151.209163461013389,150.987733619817931,vox_2_19_D0_S1.mat
128.512323815215865,151.226034878209362,151.199270016972264,150.991015081616212,vox_2_1_D0_S1.mat
128.512132422414140,151.221328829295345,151.209953082520030,151.003625133971411,vox_2_20_D0_S1.mat
128.512675254492905,151.223692693495678,151.191177064051715,151.008411380773822,vox_2_2_D0_S1.mat
128.512474252687554,151.213368395857316,151.209835084426487,151.002953653473867,vox_2_3_D0_S1.mat
128.512771650050439,151.195283992090879,151.203135269972876,150.996894523001600,vox_2_4_D0_S1.mat
128.512236608743279,151.209941416658154,151.192961874558563,151.011132270886321,vox_2_5_D0_S1.mat
128.512206216497560,151.208011511221798,151.194956845261061,151.001530702581675,vox_2_6_D0_S1.mat
128.512377972652587,151.205484382603174,151.228562686761649,151.004161281539155,vox_2_7_D0_S1.mat
128.513196578312574,151.209293732347163,151.198093204594528,150.997339529216390,vox_2_8_D0_S1.mat
128.512575468594093,151.209347224456849,151.205683387317691,151.011284033518564,vox_2_9_D0_S1.mat
128.476483671137231,151.197401849404997,151.171275755834301,151.006595397519988,vox_4_10_D0_S1.mat
128.476500880799790,151.215680858391892,151.170193228112254,151.007133359501438,vox_4_11_D0_S1.mat
128.475849831273337,151.180633013188185,151.186881096443528,151.005276396935756,vox_4_12_D0_S1.mat
128.476266268701295,151.214023583549363,151.257616495318103,150.999867084305976,vox_4_13_D0_S1.mat
128.475795193679460,151.209773221863145,151.204775805649660,150.987777662622989,vox_4_14_D0_S1.mat
128.477395218890820,151.210764223430601,151.189060766212833,150.994627184687289,vox_4_15_D0_S1.mat
128.475824112037657,151.193966216475872,151.224271854640250,150.967311242257466,vox_4_16_D0_S1.mat
128.475645819543018,151.209809882033028,151.197710010882048,150.995896280481560,vox_4_17_D0_S1.mat
128.475926923520802,151.223306715857063,151.209345982599359,150.992156394359114,vox_4_18_D0_S1.mat
128.476533281860725,151.199259751119882,151.184872875035609,151.001667657851527,vox_4_19_D0_S1.mat
128.476350605455934,151.221163923737208,151.180321629520165,151.007517211650423,vox_4_1_D0_S1.mat
128.476108197366017,151.214024477238269,151.199129512078031,150.992910320130591,vox_4_20_D0_S1.mat
128.476537243476173,151.224783528737987,151.185239067400147,151.002843350988229,vox_4_2_D0_S1.mat
128.475748690186407,151.225308394099386,151.212970766910445,151.008742540395843,vox_4_3_D0_S1.mat
128.477039417714991,151.202796900541159,151.231052922687297,151.030513076079131,vox_4_4_D0_S1.mat
128.475934782353278,151.224759269176474,151.224108551805585,150.981459869512037,vox_4_5_D0_S1.mat
128.475059991335399,151.218358608189448,151.196718331170160,151.016566316089296,vox_4_6_D0_S1.mat
128.476153737300933,151.211164929600272,151.196910026998097,150.980910342958055,vox_4_7_D0_S1.mat
128.476006881461274,151.202654913122103,151.206358439231280,151.003188277673672,vox_4_8_D0_S1.mat
128.476789313481277,151.203884483842643,151.229049924035735,150.991304209712013,vox_4_9_D0_S1.mat
